0.100000 3602.769582
0.110000 3468.487340
0.120000 3346.304752
0.130000 3234.282485
0.140000 3130.913061
0.150000 3035.001455
0.160000 2945.584291
0.170000 2861.873592
0.180000 2783.216625
0.190000 2709.066616
0.200000 2638.960993
0.210000 2572.504934
0.220000 2509.358751
0.230000 2449.228081
0.240000 2391.856163
0.250000 2337.017695
0.260000 2284.513895
0.270000 2234.168497
0.280000 2185.824472
0.290000 2139.341328
0.300000 2094.592865
0.310000 2051.465304
0.320000 2009.855702
0.330000 1969.670623
0.340000 1930.825003
0.350000 1893.241174
0.360000 1856.848036
0.370000 1821.580331
0.380000 1787.378027
0.390000 1754.185768
0.400000 1721.952404
0.410000 1690.630575
0.420000 1660.176344
0.430000 1630.548879
0.440000 1601.710162
0.450000 1573.624738
0.460000 1546.259492
0.470000 1519.583445
0.480000 1493.567574
0.490000 1468.184653
0.500000 1443.409106
0.510000 1419.216875
0.520000 1395.585306
0.530000 1372.493038
0.540000 1349.919908
0.550000 1327.846864
0.560000 1306.255883
0.570000 1285.129899
0.580000 1264.452738
0.590000 1244.209055
0.600000 1224.384276
0.610000 1204.964554
0.620000 1185.936714
0.630000 1167.288217
0.640000 1149.007112
0.650000 1131.082008
0.660000 1113.502034
0.670000 1096.256809
0.680000 1079.336414
0.690000 1062.731364
0.700000 1046.432585
0.710000 1030.431387
0.720000 1014.719446
0.730000 999.288783
0.740000 984.131742
0.750000 969.240978
0.760000 954.609438
0.770000 940.230343
0.780000 926.097179
0.790000 912.203679
0.800000 898.543814
0.810000 885.111780
0.820000 871.901985
0.830000 858.909042
0.840000 846.127755
0.850000 833.553116
0.860000 821.180290
0.870000 809.004611
0.880000 797.021572
0.890000 785.226821
0.900000 773.616148
0.910000 762.185487
0.920000 750.930902
0.930000 739.848587
0.940000 728.934855
0.950000 718.186140
0.960000 707.598985
0.970000 697.170041
0.980000 686.896064
0.990000 676.773906
1.000000 666.800517
1.010000 656.972934
1.020000 647.288286
1.030000 637.743783
1.040000 628.336717
1.050000 619.064457
1.060000 609.924449
1.070000 600.914207
1.080000 592.031319
1.090000 583.273436
1.100000 574.638275
1.110000 566.123614
1.120000 557.727293
1.130000 549.447208
1.140000 541.281310
1.150000 533.227605
1.160000 525.284149
1.170000 517.449051
1.180000 509.720465
1.190000 502.096595
1.200000 494.575687
1.210000 487.156032
1.220000 479.835965
1.230000 472.613858
1.240000 465.488125
1.250000 458.457219
1.260000 451.519627
1.270000 444.673876
1.280000 437.918523
1.290000 431.252162
1.300000 424.673419
1.310000 418.180951
1.320000 411.773445
1.330000 405.449619
1.340000 399.208219
1.350000 393.048021
1.360000 386.967824
1.370000 380.966458
1.380000 375.042775
1.390000 369.195653
1.400000 363.423996
1.410000 357.726728
1.420000 352.102798
1.430000 346.551177
1.440000 341.070857
1.450000 335.660851
1.460000 330.320193
1.470000 325.047936
1.480000 319.843153
1.490000 314.704934
1.500000 309.632389
1.510000 304.624646
1.520000 299.680848
1.530000 294.800158
1.540000 289.981754
1.550000 285.224827
1.560000 280.528589
1.570000 275.892264
1.580000 271.315090
1.590000 266.796321
1.600000 262.335225
1.610000 257.931084
1.620000 253.583191
1.630000 249.290855
1.640000 245.053396
1.650000 240.870147
1.660000 236.740452
1.670000 232.663669
1.680000 228.639166
1.690000 224.666321
1.700000 220.744527
1.710000 216.873182
1.720000 213.051701
1.730000 209.279503
1.740000 205.556022
1.750000 201.880698
1.760000 198.252983
1.770000 194.672338
1.780000 191.138232
1.790000 187.650143
1.800000 184.207559
1.810000 180.809976
1.820000 177.456898
1.830000 174.147837
1.840000 170.882313
1.850000 167.659855
1.860000 164.479998
1.870000 161.342284
1.880000 158.246266
1.890000 155.191500
1.900000 152.177551
1.910000 149.203990
1.920000 146.270395
1.930000 143.376352
1.940000 140.521452
1.950000 137.705291
1.960000 134.927475
1.970000 132.187611
1.980000 129.485317
1.990000 126.820213
2.000000 124.191927
2.010000 121.600092
2.020000 119.044345
2.030000 116.524330
2.040000 114.039697
2.050000 111.590098
2.060000 109.175194
2.070000 106.794647
2.080000 104.448128
2.090000 102.135308
2.100000 99.855868
2.110000 97.609489
2.120000 95.395859
2.130000 93.214670
2.140000 91.065618
2.150000 88.948403
2.160000 86.862729
2.170000 84.808306
2.180000 82.784846
2.190000 80.792066
2.200000 78.829685
2.210000 76.897429
2.220000 74.995025
2.230000 73.122205
2.240000 71.278704
2.250000 69.464261
2.260000 67.678619
2.270000 65.921522
2.280000 64.192721
2.290000 62.491967
2.300000 60.819015
2.310000 59.173626
2.320000 57.555560
2.330000 55.964583
2.340000 54.400462
2.350000 52.862968
2.360000 51.351876
2.370000 49.866962
2.380000 48.408006
2.390000 46.974789
2.400000 45.567098
2.410000 44.184719
2.420000 42.827443
2.430000 41.495063
2.440000 40.187375
2.450000 38.904177
2.460000 37.645268
2.470000 36.410453
2.480000 35.199536
2.490000 34.012325
2.500000 32.848630
2.510000 31.708263
2.520000 30.591038
2.530000 29.496773
2.540000 28.425287
2.550000 27.376399
2.560000 26.349934
2.570000 25.345716
2.580000 24.363573
2.590000 23.403334
2.600000 22.464830
2.610000 21.547894
2.620000 20.652361
2.630000 19.778069
2.640000 18.924855
2.650000 18.092562
2.660000 17.281030
2.670000 16.490104
2.680000 15.719630
2.690000 14.969456
2.700000 14.239432
2.710000 13.529407
2.720000 12.839235
2.730000 12.168770
2.740000 11.517869
2.750000 10.886387
2.760000 10.274186
2.770000 9.681124
2.780000 9.107064
2.790000 8.551870
2.800000 8.015406
2.810000 7.497540
2.820000 6.998138
2.830000 6.517071
2.840000 6.054209
2.850000 5.609423
2.860000 5.182588
2.870000 4.773577
2.880000 4.382268
2.890000 4.008537
2.900000 3.652262
2.910000 3.313324
2.920000 2.991604
2.930000 2.686984
2.940000 2.399347
2.950000 2.128578
2.960000 1.874563
2.970000 1.637189
2.980000 1.416345
2.990000 1.211918
3.000000 1.023800
3.010000 0.851882
3.020000 0.696056
3.030000 0.556217
3.040000 0.432259
3.050000 0.324078
3.060000 0.231569
3.070000 0.154632
3.080000 0.093164
3.090000 0.047066
3.100000 0.016238
3.110000 0.000582
3.120000 -0.000000
3.130000 0.014396
3.140000 0.043674
3.150000 0.087740
3.160000 0.146500
3.170000 0.219862
3.180000 0.307732
3.190000 0.410020
3.200000 0.526636
3.210000 0.657490
3.220000 0.802494
3.230000 0.961561
3.240000 1.134602
3.250000 1.321532
3.260000 1.522266
3.270000 1.736719
3.280000 1.964807
3.290000 2.206447
3.300000 2.461558
3.310000 2.730057
3.320000 3.011863
3.330000 3.306897
3.340000 3.615080
3.350000 3.936332
3.360000 4.270577
3.370000 4.617735
3.380000 4.977732
3.390000 5.350491
3.400000 5.735937
3.410000 6.133996
3.420000 6.544593
3.430000 6.967656
3.440000 7.403111
3.450000 7.850888
3.460000 8.310914
3.470000 8.783119
3.480000 9.267432
3.490000 9.763785
3.500000 10.272109
3.510000 10.792334
3.520000 11.324394
3.530000 11.868221
3.540000 12.423748
3.550000 12.990911
3.560000 13.569642
3.570000 14.159878
3.580000 14.761554
3.590000 15.374605
3.600000 15.998970
3.610000 16.634585
3.620000 17.281387
3.630000 17.939315
3.640000 18.608309
3.650000 19.288306
3.660000 19.979248
3.670000 20.681073
3.680000 21.393724
3.690000 22.117141
3.700000 22.851266
3.710000 23.596041
3.720000 24.351408
3.730000 25.117312
3.740000 25.893695
3.750000 26.680502
3.760000 27.477677
3.770000 28.285165
3.780000 29.102911
3.790000 29.930861
3.800000 30.768961
3.810000 31.617159
3.820000 32.475400
3.830000 33.343634
3.840000 34.221806
3.850000 35.109866
3.860000 36.007763
3.870000 36.915445
3.880000 37.832863
3.890000 38.759965
3.900000 39.696702
3.910000 40.643025
3.920000 41.598885
3.930000 42.564234
3.940000 43.539022
3.950000 44.523203
3.960000 45.516728
3.970000 46.519551
3.980000 47.531624
3.990000 48.552902
4.000000 49.583338
4.010000 50.622887
4.020000 51.671503
4.030000 52.729141
4.040000 53.795756
4.050000 54.871304
4.060000 55.955741
4.070000 57.049023
4.080000 58.151108
4.090000 59.261950
4.100000 60.381509
4.110000 61.509741
4.120000 62.646604
4.130000 63.792057
4.140000 64.946058
4.150000 66.108565
4.160000 67.279538
4.170000 68.458936
4.180000 69.646719
4.190000 70.842847
4.200000 72.047279
4.210000 73.259976
4.220000 74.480900
4.230000 75.710011
4.240000 76.947270
4.250000 78.192640
4.260000 79.446081
4.270000 80.707557
4.280000 81.977029
4.290000 83.254460
4.300000 84.539814
4.310000 85.833052
4.320000 87.134140
4.330000 88.443040
4.340000 89.759717
4.350000 91.084134
4.360000 92.416257
4.370000 93.756049
4.380000 95.103476
4.390000 96.458504
4.400000 97.821096
4.410000 99.191219
4.420000 100.568840
4.430000 101.953923
4.440000 103.346436
4.450000 104.746344
4.460000 106.153616
4.470000 107.568217
4.480000 108.990115
4.490000 110.419277
4.500000 111.855672
4.510000 113.299267
4.520000 114.750030
4.530000 116.207929
4.540000 117.672933
4.550000 119.145011
4.560000 120.624132
4.570000 122.110264
4.580000 123.603377
4.590000 125.103442
4.600000 126.610426
4.610000 128.124301
4.620000 129.645037
4.630000 131.172603
4.640000 132.706971
4.650000 134.248110
4.660000 135.795993
4.670000 137.350590
4.680000 138.911872
4.690000 140.479811
4.700000 142.054379
4.710000 143.635547
4.720000 145.223287
4.730000 146.817571
4.740000 148.418373
4.750000 150.025664
4.760000 151.639416
4.770000 153.259604
4.780000 154.886200
4.790000 156.519177
4.800000 158.158508
4.810000 159.804168
4.820000 161.456130
4.830000 163.114367
4.840000 164.778854
4.850000 166.449565
4.860000 168.126474
4.870000 169.809556
4.880000 171.498786
4.890000 173.194138
4.900000 174.895588
4.910000 176.603110
4.920000 178.316679
4.930000 180.036272
4.940000 181.761864
4.950000 183.493430
4.960000 185.230947
4.970000 186.974390
4.980000 188.723736
4.990000 190.478960
5.000000 192.240040
5.010000 194.006952
5.020000 195.779673
5.030000 197.558180
5.040000 199.342449
5.050000 201.132458
5.060000 202.928184
5.070000 204.729605
5.080000 206.536697
5.090000 208.349440
5.100000 210.167810
5.110000 211.991785
5.120000 213.821345
5.130000 215.656466
5.140000 217.497127
5.150000 219.343307
5.160000 221.194984
5.170000 223.052137
5.180000 224.914745
5.190000 226.782786
5.200000 228.656241
5.210000 230.535087
5.220000 232.419305
5.230000 234.308873
5.240000 236.203772
5.250000 238.103981
5.260000 240.009480
5.270000 241.920248
5.280000 243.836266
5.290000 245.757514
5.300000 247.683972
5.310000 249.615621
5.320000 251.552440
5.330000 253.494411
5.340000 255.441515
5.350000 257.393731
5.360000 259.351041
5.370000 261.313426
5.380000 263.280867
5.390000 265.253345
5.400000 267.230842
5.410000 269.213339
5.420000 271.200818
5.430000 273.193259
5.440000 275.190646
5.450000 277.192959
5.460000 279.200181
5.470000 281.212294
5.480000 283.229279
5.490000 285.251120
5.500000 287.277798
5.510000 289.309296
5.520000 291.345596
5.530000 293.386682
5.540000 295.432535
5.550000 297.483138
5.560000 299.538475
5.570000 301.598528
5.580000 303.663281
5.590000 305.732716
5.600000 307.806817
5.610000 309.885568
5.620000 311.968951
5.630000 314.056950
5.640000 316.149549
5.650000 318.246732
5.660000 320.348482
5.670000 322.454783
5.680000 324.565619
5.690000 326.680975
5.700000 328.800834
5.710000 330.925180
5.720000 333.053998
5.730000 335.187273
5.740000 337.324988
5.750000 339.467128
5.760000 341.613679
5.770000 343.764623
5.780000 345.919947
5.790000 348.079636
5.800000 350.243673
5.810000 352.412044
5.820000 354.584735
5.830000 356.761730
5.840000 358.943015
5.850000 361.128575
5.860000 363.318395
5.870000 365.512461
5.880000 367.710758
5.890000 369.913272
5.900000 372.119989
5.910000 374.330894
5.920000 376.545974
5.930000 378.765214
5.940000 380.988600
5.950000 383.216119
5.960000 385.447755
5.970000 387.683496
5.980000 389.923329
5.990000 392.167238
6.000000 394.415211
6.010000 396.667233
6.020000 398.923293
6.030000 401.183375
6.040000 403.447467
6.050000 405.715556
6.060000 407.987628
6.070000 410.263670
6.080000 412.543670
6.090000 414.827614
6.100000 417.115488
6.110000 419.407281
6.120000 421.702980
6.130000 424.002571
6.140000 426.306043
6.150000 428.613381
6.160000 430.924575
6.170000 433.239611
6.180000 435.558477
6.190000 437.881160
6.200000 440.207649
6.210000 442.537930
6.220000 444.871993
6.230000 447.209823
6.240000 449.551411
6.250000 451.896743
6.260000 454.245807
6.270000 456.598592
6.280000 458.955085
6.290000 461.315276
6.300000 463.679151
6.310000 466.046700
6.320000 468.417911
6.330000 470.792772
6.340000 473.171272
6.350000 475.553399
6.360000 477.939142
6.370000 480.328490
6.380000 482.721431
6.390000 485.117953
6.400000 487.518047
6.410000 489.921700
6.420000 492.328901
6.430000 494.739640
6.440000 497.153905
6.450000 499.571686
6.460000 501.992971
6.470000 504.417750
6.480000 506.846013
6.490000 509.277747
6.500000 511.712943
6.510000 514.151589
6.520000 516.593677
6.530000 519.039193
6.540000 521.488129
6.550000 523.940474
6.560000 526.396218
6.570000 528.855349
6.580000 531.317858
6.590000 533.783735
6.600000 536.252968
6.610000 538.725549
6.620000 541.201467
6.630000 543.680712
6.640000 546.163274
6.650000 548.649143
6.660000 551.138308
6.670000 553.630761
6.680000 556.126491
6.690000 558.625488
6.700000 561.127743
6.710000 563.633246
6.720000 566.141987
6.730000 568.653957
6.740000 571.169146
6.750000 573.687545
6.760000 576.209143
6.770000 578.733932
6.780000 581.261902
6.790000 583.793044
6.800000 586.327348
6.810000 588.864805
6.820000 591.405407
6.830000 593.949143
6.840000 596.496004
6.850000 599.045982
6.860000 601.599067
6.870000 604.155250
6.880000 606.714522
6.890000 609.276875
6.900000 611.842299
6.910000 614.410785
6.920000 616.982325
6.930000 619.556909
6.940000 622.134529
6.950000 624.715177
6.960000 627.298843
6.970000 629.885519
6.980000 632.475196
6.990000 635.067866
7.000000 637.663519
7.010000 640.262149
7.020000 642.863745
7.030000 645.468300
7.040000 648.075805
7.050000 650.686251
7.060000 653.299632
7.070000 655.915937
7.080000 658.535159
7.090000 661.157290
7.100000 663.782322
7.110000 666.410245
7.120000 669.041053
7.130000 671.674737
7.140000 674.311289
7.150000 676.950701
7.160000 679.592964
7.170000 682.238072
7.180000 684.886016
7.190000 687.536788
7.200000 690.190381
7.210000 692.846786
7.220000 695.505995
7.230000 698.168002
7.240000 700.832798
7.250000 703.500375
7.260000 706.170726
7.270000 708.843844
7.280000 711.519720
7.290000 714.198347
7.300000 716.879717
7.310000 719.563824
7.320000 722.250658
7.330000 724.940214
7.340000 727.632484
7.350000 730.327460
7.360000 733.025135
7.370000 735.725501
7.380000 738.428552
7.390000 741.134279
7.400000 743.842676
7.410000 746.553736
7.420000 749.267451
7.430000 751.983815
7.440000 754.702819
7.450000 757.424457
7.460000 760.148723
7.470000 762.875608
7.480000 765.605106
7.490000 768.337210
7.500000 771.071913
7.510000 773.809208
7.520000 776.549088
7.530000 779.291546
7.540000 782.036575
7.550000 784.784169
7.560000 787.534321
7.570000 790.287024
7.580000 793.042272
7.590000 795.800056
7.600000 798.560372
7.610000 801.323212
7.620000 804.088570
7.630000 806.856438
7.640000 809.626811
7.650000 812.399682
7.660000 815.175044
7.670000 817.952891
7.680000 820.733217
7.690000 823.516014
7.700000 826.301277
7.710000 829.088999
7.720000 831.879174
7.730000 834.671795
7.740000 837.466856
7.750000 840.264351
7.760000 843.064273
7.770000 845.866617
7.780000 848.671376
7.790000 851.478543
7.800000 854.288113
7.810000 857.100079
7.820000 859.914436
7.830000 862.731177
7.840000 865.550296
7.850000 868.371787
7.860000 871.195644
7.870000 874.021862
7.880000 876.850433
7.890000 879.681352
7.900000 882.514613
7.910000 885.350211
7.920000 888.188139
7.930000 891.028391
7.940000 893.870961
7.950000 896.715845
7.960000 899.563035
7.970000 902.412526
7.980000 905.264313
7.990000 908.118389
8.000000 910.974749
8.010000 913.833387
8.020000 916.694298
8.030000 919.557475
8.040000 922.422913
8.050000 925.290607
8.060000 928.160551
8.070000 931.032739
8.080000 933.907167
8.090000 936.783827
8.100000 939.662715
8.110000 942.543825
8.120000 945.427152
8.130000 948.312690
8.140000 951.200434
8.150000 954.090379
8.160000 956.982518
8.170000 959.876848
8.180000 962.773361
8.190000 965.672054
8.200000 968.572920
8.210000 971.475954
8.220000 974.381152
8.230000 977.288507
8.240000 980.198015
8.250000 983.109671
8.260000 986.023468
8.270000 988.939402
8.280000 991.857469
8.290000 994.777662
8.300000 997.699976
8.310000 1000.624407
8.320000 1003.550949
8.330000 1006.479598
8.340000 1009.410347
8.350000 1012.343193
8.360000 1015.278130
8.370000 1018.215153
8.380000 1021.154257
8.390000 1024.095438
8.400000 1027.038690
8.410000 1029.984008
8.420000 1032.931387
8.430000 1035.880823
8.440000 1038.832311
8.450000 1041.785845
8.460000 1044.741422
8.470000 1047.699035
8.480000 1050.658681
8.490000 1053.620354
8.500000 1056.584050
8.510000 1059.549764
8.520000 1062.517492
8.530000 1065.487228
8.540000 1068.458967
8.550000 1071.432706
8.560000 1074.408439
8.570000 1077.386163
8.580000 1080.365871
8.590000 1083.347560
8.600000 1086.331224
8.610000 1089.316860
8.620000 1092.304463
8.630000 1095.294028
8.640000 1098.285551
8.650000 1101.279027
8.660000 1104.274451
8.670000 1107.271820
8.680000 1110.271128
8.690000 1113.272371
8.700000 1116.275545
8.710000 1119.280646
8.720000 1122.287668
8.730000 1125.296607
8.740000 1128.307460
8.750000 1131.320222
8.760000 1134.334887
8.770000 1137.351453
8.780000 1140.369914
8.790000 1143.390267
8.800000 1146.412507
8.810000 1149.436629
8.820000 1152.462630
8.830000 1155.490505
8.840000 1158.520251
8.850000 1161.551861
8.860000 1164.585334
8.870000 1167.620664
8.880000 1170.657847
8.890000 1173.696878
8.900000 1176.737755
8.910000 1179.780473
8.920000 1182.825027
8.930000 1185.871413
8.940000 1188.919628
8.950000 1191.969667
8.960000 1195.021526
8.970000 1198.075201
8.980000 1201.130688
8.990000 1204.187984
9.000000 1207.247083
9.010000 1210.307982
9.020000 1213.370678
9.030000 1216.435165
9.040000 1219.501440
9.050000 1222.569500
9.060000 1225.639340
9.070000 1228.710956
9.080000 1231.784344
9.090000 1234.859501
9.100000 1237.936422
9.110000 1241.015104
9.120000 1244.095542
9.130000 1247.177734
9.140000 1250.261675
9.150000 1253.347361
9.160000 1256.434788
9.170000 1259.523953
9.180000 1262.614852
9.190000 1265.707481
9.200000 1268.801837
9.210000 1271.897915
9.220000 1274.995712
9.230000 1278.095224
9.240000 1281.196447
9.250000 1284.299379
9.260000 1287.404014
9.270000 1290.510349
9.280000 1293.618381
9.290000 1296.728107
9.300000 1299.839521
9.310000 1302.952622
9.320000 1306.067404
9.330000 1309.183865
9.340000 1312.302001
9.350000 1315.421808
9.360000 1318.543283
9.370000 1321.666422
9.380000 1324.791222
9.390000 1327.917679
9.400000 1331.045790
9.410000 1334.175550
9.420000 1337.306957
9.430000 1340.440008
9.440000 1343.574698
9.450000 1346.711024
9.460000 1349.848982
9.470000 1352.988570
9.480000 1356.129784
9.490000 1359.272619
9.500000 1362.417074
9.510000 1365.563145
9.520000 1368.710827
9.530000 1371.860118
9.540000 1375.011015
9.550000 1378.163513
9.560000 1381.317611
9.570000 1384.473303
9.580000 1387.630588
9.590000 1390.789461
9.600000 1393.949919
9.610000 1397.111960
9.620000 1400.275579
9.630000 1403.440773
9.640000 1406.607540
9.650000 1409.775876
9.660000 1412.945778
9.670000 1416.117241
9.680000 1419.290265
9.690000 1422.464844
9.700000 1425.640976
9.710000 1428.818657
9.720000 1431.997885
9.730000 1435.178656
9.740000 1438.360967
9.750000 1441.544815
9.760000 1444.730197
9.770000 1447.917109
9.780000 1451.105549
9.790000 1454.295513
9.800000 1457.486998
9.810000 1460.680002
9.820000 1463.874520
9.830000 1467.070551
9.840000 1470.268090
9.850000 1473.467135
9.860000 1476.667683
9.870000 1479.869730
9.880000 1483.073275
9.890000 1486.278312
9.900000 1489.484841
9.910000 1492.692857
9.920000 1495.902357
9.930000 1499.113340
9.940000 1502.325801
9.950000 1505.539737
9.960000 1508.755146
9.970000 1511.972025
9.980000 1515.190371
9.990000 1518.410181
10.000000 1521.631451
